Team name	Races	Won	RR1 Pts.	RR2 Pts.	RR3 Pts.	Total Pts.	Ranking
Prada Challenge	29	26	10	36	63	109	1
Nippon Challenge	30	20	6	24	72	102	2
America True	30	21	6	32	63	101	3
AmericaOne	30	22	8	28	63	99	4
Team Dennis Conner	30	18	5	28	54	87	5
Le Defi BTT	29	12	2	12	63	77	6
Desafio Espanol	30	14	5	12	54	71	7
Young America	30	16	8	16	36	60	8
Aloha Racing	30	11	4	12	36	52	9
Young Australia	30	4	1	8	9	18	10
