P	Player	League	Scottish Cup	League Cup	Challenge Cup	Total
1	Liam Buchanan	7	0	2	2	11
2	Simon Donnelly	6	0	1	1	8
3	Paul Cairney	4	0	0	1	5
4	Mark Corcoran	3	0	0	0	3
5	Steve Lovell	3	0	0	0	3
6	Chris Erskine	1	0	2	0	3
7	Jim Hamilton	0	0	0	2	2
8	Kris Doolan	1	0	0	1	2
9	Bryan Hodge	1	0	1	0	2
10	Alan Archibald	1	0	0	0	1
11	Jamie Adams	1	0	0	0	1
12	Stephen McKeown	1	0	0	0	1
