Rank	Nation	Gold	Silver	Bronze	Total
1	England	33	30	34	97
2	Malaysia	24	20	12	56
3	India	4	3	8	15
4	Canada	2	10	6	18
5	Australia	2	1	8	11
6	Singapore	1	3	3	7
7	Scotland	1	1	5	7
8	Hong Kong	1	0	2	3
9	Wales	1	0	1	2
10	New Zealand	0	2	8	10
