Rank	Nation	Gold	Silver	Bronze	Total
1	Norway	8	5	6	19
2	France	3	0	1	4
3	Russia	2	0	3	5
4	United States	2	0	1	3
5	Sweden	1	6	0	7
6	Austria	1	5	1	7
7	Germany	1	1	3	5
8	Poland	1	1	1	3
9	Japan	1	1	0	2
9	Switzerland	1	1	0	2
11	Slovenia	0	1	1	2
12	Kazakhstan	0	0	2	2
13	Canada	0	0	1	1
13	Finland	0	0	1	1
Total	Total	21	21	21	63
