Rank	Nation	Gold	Silver	Bronze	Total
1	Israel	138	128	101	367
2	United States	44	51	51	146
3	Russia	12	11	11	34
4	Canada	9	8	15	32
5	Australia	4	7	13	24
6	United Kingdom	4	7	12	23
7	Brazil	3	4	8	15
8	Mexico	3	2	9	14
9	South Africa	5	1	2	8
10	France	4	2	0	6
