Rank	Nation	Gold	Silver	Bronze	Total
1	Soviet Union	6	5	0	11
2	Bulgaria	3	0	1	4
3	Turkey	1	4	3	8
4	Japan	1	3	0	4
5	Iran	1	0	4	5
6	West Germany	1	0	2	3
7	Hungary	1	0	0	1
7	South Korea	1	0	0	1
7	Yugoslavia	1	0	0	1
10	United States	0	2	1	3
11	Romania	0	1	1	2
12	Sweden	0	1	0	1
13	Czechoslovakia	0	0	2	2
14	Austria	0	0	1	1
14	Finland	0	0	1	1
Total	Total	16	16	16	48
