Rank	Nation	Gold	Silver	Bronze	Total
1	Hungary	10	1	3	14
2	Germany	4	2	5	11
3	Poland	2	3	5	10
4	Spain	0	5	2	7
5	Romania	2	3	1	6
6	Canada	1	3	1	5
7	Russia	1	2	2	5
8	Australia	1	1	2	4
9	Czech Republic	0	3	1	4
10	Ukraine	1	1	1	3
11	Slovakia	2	0	0	2
12	Lithuania	1	0	1	2
13	New Zealand	1	0	0	1
14	Sweden	1	0	0	1
15	Belarus	0	1	0	1
16	Belgium	0	1	0	1
17	Bulgaria	0	1	0	1
18	Cuba	0	0	1	1
19	Israel	0	0	1	1
20	Uzbekistan	0	0	1	1
Total	Total	27	27	27	81
