Rank	Couple	Judges	Public	Total	Vote percentage	Result
1	Gary and Maria	11	12	23	20.1%	Safe
1	Hayley and Daniel	12	11	23	18.4%	Safe
3	Mikey and Melanie	10	10	20	17.6%	Safe
4	Danniella and Matthew	9	9	18	7.3%	Safe
5	Danny and Frankie	8	7	15	5.9%	Safe
6	Heather and Matt	7	6	13	5.2%	Safe
7	Kieron and Brianne	7	4	11	4.0%	Safe
8	Emily and Fred	5	5	10	4.3%	Safe
9	Dr. Hilary and Alexandra	2	8	10	6.3%	Safe
10	Tana and Stuart	4	3	7	4.0%	Safe
11	Sharron and Pavel	6	1	7	3.1%	Bottom two
