Rank	Nation	Gold	Silver	Bronze	Total
1	Russia	11	8	4	23
2	Norway	10	11	5	26
3	Germany	9	7	8	24
4	Italy	7	5	8	20
5	United States	6	5	2	13
6	South Korea	4	1	1	6
7	Canada	3	6	4	13
8	Switzerland	3	4	2	9
9	Austria	2	3	4	9
10	Sweden	2	1	0	3
