Rank	Nation	Gold	Silver	Bronze	Total
1	Netherlands	5	1	0	6
2	Georgia	3	0	0	3
3	Great Britain	2	2	3	7
4	Belgium	2	0	2	4
5	France	1	1	7	9
6=	Poland	1	0	1	2
6=	Spain	1	0	1	2
8	Estonia	1	0	0	1
9	Italy	0	3	3	6
10	Russia	0	2	4	6
11	Germany	0	2	3	5
12	Austria	0	1	2	3
13	Turkey	0	1	1	2
14=	Hungary	0	1	0	1
14=	Moldova	0	1	0	1
14=	Portugal	0	1	0	1
17=	Ukraine	0	0	2	2
17=	Romania	0	0	2	2
18	Czech Republic	0	0	1	1
