Rank	Nation	Gold	Silver	Bronze	Total
1	Thailand	17	19	9	45
2	Vietnam	8	4	5	17
3	Indonesia	7	7	5	19
4	Malaysia	7	3	9	19
5	Philippines	5	7	9	21
6	Singapore	1	0	1	2
7	Myanmar	0	4	5	9
8	Cambodia	0	1	1	2
9	Brunei	0	0	1	1
Total	Total	45	45	45	135
