Rank	Nation	Gold	Silver	Bronze	Total
1	Soviet Union	18	14	14	46
2	Great Britain	17	15	17	49
3	Russia	13	8	9	30
4	France	5	7	7	19
5	Czechoslovakia	2	1	2	5
6	Italy	1	4	1	6
7	Germany	1	3	1	5
8	Finland	1	0	1	2
9	Hungary	0	2	2	4
9	Ukraine	0	2	2	4
11	Bulgaria	0	2	1	3
12	Lithuania	0	0	2	2
