Rank	Nation	Gold	Silver	Bronze	Total
1	United States	26	21	24	71
2	Norway	10	1	2	13
3	East Germany	9	8	2	19
4	Austria	7	17	12	36
5	Japan	7	3	6	16
6	Hungary	7	1	3	11
7	Great Britain	6	9	7	22
8	Canada	4	5	4	13
9	Netherlands	4	1	3	8
10	Russia	3	5	4	12
11	South Korea	2	2	2	6
12	Czechoslovakia	2	0	3	5
13	Germany	1	8	4	13
14	France	1	4	2	7
15	Italy	1	2	3	6
16	China	1	1	2	4
17	Switzerland	1	0	0	1
17	Ukraine	1	0	0	1
19	Sweden	0	2	5	7
20	Soviet Union	0	2	1	3
21	Finland	0	0	1	1
