Rank	Nation	Gold	Silver	Bronze	Total
1	Soviet Union	8	6	3	17
2	Bulgaria	4	2	5	11
3	United States	3	2	2	7
4	Romania	1	2	2	5
5	Poland	1	1	0	2
6	Cuba	1	0	1	2
6	Norway	1	0	1	2
8	North Korea	1	0	0	1
9	Hungary	0	2	1	3
9	Mongolia	0	2	1	3
11	Canada	0	1	1	2
11	East Germany	0	1	1	2
13	Iran	0	1	0	1
14	Finland	0	0	1	1
14	Japan	0	0	1	1
Total	Total	20	20	20	60
