Rank	Nation	Gold	Silver	Bronze	Total
1	Norway	6	6	2	14
2	Soviet Union	5	5	3	13
3	France (host nation)	4	3	2	9
4	Italy	4	0	0	4
5	Austria	3	4	4	11
6	Netherlands	3	3	3	9
7	Sweden	3	2	3	8
8	West Germany	2	2	3	7
9	United States	1	5	1	7
10	East Germany	1	2	2	5
10	Finland	1	2	2	5
