Rank	Team	Round1	Round2	Round3	Round4	Round5	Total Points
1	Germany	92	56	62	52	74	336
2	Netherlands	41	60	17	72	99	289
3	Great Britain	133	36	15	32	57	273
4	France	24	25	65	64	71	249
5	Spain	49	66	78	17	31	241
6	China	41	38	23	108	31	241
7	Team Toshiba	12	98	38	29	35	212
8	Russia	45	55	51	37	11	199
9	Ukraine	51	67	22	30	24	194
10	Cofidis	25	26	51	26	44	172
