Rank	Nation	Gold	Silver	Bronze	Total
1	Soviet Union	11	5	2	18
2	Iran	3	0	2	5
3	Bulgaria	2	3	4	9
4	Poland	2	3	1	6
5	Romania	1	1	1	3
6	United States	1	0	1	2
7	East Germany	0	2	2	4
8	Yugoslavia	0	2	0	2
9	Hungary	0	1	3	4
10	Czechoslovakia	0	1	1	2
10	Mongolia	0	1	1	2
10	Sweden	0	1	1	2
13	Japan	0	0	1	1
Total	Total	20	20	20	60
