Rank	Nation	Gold	Silver	Bronze	Total
1	Russia	7	3	6	16
2	Ukraine	3	1	4	8
3	Azerbaijan	2	1	4	7
4	Turkey	2	1	3	6
5	Georgia	1	3	1	5
6	Bulgaria	1	1	2	4
6	Sweden	1	1	2	4
8	Armenia	1	1	0	2
9	Hungary	1	0	3	4
10	Finland	1	0	1	2
11	Slovakia	1	0	0	1
12	Belarus	0	3	2	5
13	France	0	2	2	4
14	Germany	0	1	2	3
15	Romania	0	1	1	2
16	Moldova	0	1	0	1
17	Greece	0	0	2	2
17	Poland	0	0	2	2
19	Albania	0	0	1	1
19	Denmark	0	0	1	1
19	Italy	0	0	1	1
19	Serbia	0	0	1	1
19	Spain	0	0	1	1
