Rank	Nation	Gold	Silver	Bronze	Total
1	Russia	8	2	4	14
2	France	7	9	4	20
3	Italy	5	5	8	18
4	Netherlands	5	2	2	9
5	Spain	2	3	2	7
6	Croatia	2	0	2	4
7	Slovenia	2	0	1	3
8	Germany	1	3	2	6
9	Denmark	1	2	3	6
10	Austria	1	2	1	4
10	Ukraine	1	2	1	4
12	Serbia	1	1	0	2
12	Sweden	1	1	0	2
14	Great Britain	1	0	4	5
15	Finland	1	0	0	1
16	Hungary	0	3	1	4
17	Switzerland	0	1	1	2
18	Lithuania	0	1	0	1
18	Norway	0	1	0	1
20	Poland	0	0	1	1
20	Slovakia	0	0	1	1
Total	Total	39	38	38	115
