Rank	Nation	Gold	Silver	Bronze	Total
1	Russia	86	57	31	174
2	Turkey	39	40	41	120
3	Ukraine	21	23	12	56
4	Greece	15	23	51	89
5	Romania	10	15	29	54
6	Azerbaijan	9	7	11	27
7	Georgia	6	8	20	34
8	Moldova	0	3	15	18
9	Armenia	0	2	12	14
10	Bulgaria	0	2	3	5
11	Albania	0	2	1	3
Total	Total	186	182	224	592
