Rank	Nation	Gold	Silver	Bronze	Total
1	Canada (CAN)	11	5	2	18
2	Soviet Union (URS)	7	1	1	9
3	United States (USA)	3	10	2	15
4	Sweden (SWE)	2	3	5	10
5	Czech Republic (CZE)	1	0	1	2
5	Great Britain (GBR)	1	0	1	2
7	Unified Team (EUN)	1	0	0	1
8	Czechoslovakia (TCH)	0	4	4	8
9	Finland (FIN)	0	2	5	7
10	Russia (RUS)	0	1	1	2
11	Switzerland (SUI)	0	0	2	2
12	Germany (GER)	0	0	1	1
13	West Germany (FRG)	0	0	1	1
Total	Total	26	26	26	78
