Rank	Nation	Gold	Silver	Bronze	Total
1	Hungary	6	2	8	16
2	Russia	8	3	2	13
3	Poland	3	4	4	11
4	Germany	2	4	5	11
5	Canada	3	1	0	4
6	Czech Republic	0	3	1	4
7	Romania	0	2	2	4
8	Italy	0	3	0	3
9	Australia	1	0	1	2
10	Slovakia	1	0	1	2
11	Israel	1	0	0	1
12	Spain	1	0	0	1
13	Bulgaria	0	1	0	1
14	Cuba	0	1	0	1
15	Norway	0	1	0	1
16	Ukraine	0	1	0	1
17	Denmark	0	0	1	1
18	France	0	0	1	1
Total	Total	26	26	26	78
